+----------------------------------------------------------------------------------------------------------------------------------------------------------------------------------------------------------------+
; Legal Partition Candidates                                                                                                                                                                                     ;
+-----------+-------+----------------+--------------+----------------+--------+-----------------+---------------+-----------------+-------+----------------+--------------+------------------+-------------------+
; Hierarchy ; Input ; Constant Input ; Unused Input ; Floating Input ; Output ; Constant Output ; Unused Output ; Floating Output ; Bidir ; Constant Bidir ; Unused Bidir ; Input only Bidir ; Output only Bidir ;
+-----------+-------+----------------+--------------+----------------+--------+-----------------+---------------+-----------------+-------+----------------+--------------+------------------+-------------------+
; FU|DFF37  ; 3     ; 1              ; 0            ; 1              ; 2      ; 1               ; 1             ; 1               ; 0     ; 0              ; 0            ; 0                ; 0                 ;
; FU|DFF36  ; 3     ; 1              ; 0            ; 1              ; 2      ; 1               ; 1             ; 1               ; 0     ; 0              ; 0            ; 0                ; 0                 ;
; FU|DFF35  ; 3     ; 1              ; 0            ; 1              ; 2      ; 1               ; 1             ; 1               ; 0     ; 0              ; 0            ; 0                ; 0                 ;
; FU|DFF34  ; 3     ; 1              ; 0            ; 1              ; 2      ; 1               ; 1             ; 1               ; 0     ; 0              ; 0            ; 0                ; 0                 ;
; FU|DFF33  ; 3     ; 1              ; 0            ; 1              ; 2      ; 1               ; 1             ; 1               ; 0     ; 0              ; 0            ; 0                ; 0                 ;
; FU|DFF32  ; 3     ; 1              ; 0            ; 1              ; 2      ; 1               ; 1             ; 1               ; 0     ; 0              ; 0            ; 0                ; 0                 ;
; FU|DFF31  ; 3     ; 1              ; 0            ; 1              ; 2      ; 1               ; 1             ; 1               ; 0     ; 0              ; 0            ; 0                ; 0                 ;
; FU|DFF30  ; 3     ; 1              ; 0            ; 1              ; 2      ; 1               ; 1             ; 1               ; 0     ; 0              ; 0            ; 0                ; 0                 ;
; FU|DFF29  ; 3     ; 1              ; 0            ; 1              ; 2      ; 1               ; 1             ; 1               ; 0     ; 0              ; 0            ; 0                ; 0                 ;
; FU|DFF28  ; 3     ; 1              ; 0            ; 1              ; 2      ; 1               ; 1             ; 1               ; 0     ; 0              ; 0            ; 0                ; 0                 ;
; FU|DFF27  ; 3     ; 1              ; 0            ; 1              ; 2      ; 1               ; 1             ; 1               ; 0     ; 0              ; 0            ; 0                ; 0                 ;
; FU|DFF26  ; 3     ; 1              ; 0            ; 1              ; 2      ; 1               ; 1             ; 1               ; 0     ; 0              ; 0            ; 0                ; 0                 ;
; FU|DFF25  ; 3     ; 0              ; 0            ; 0              ; 2      ; 0               ; 0             ; 0               ; 0     ; 0              ; 0            ; 0                ; 0                 ;
; FU|DFF24  ; 3     ; 1              ; 0            ; 1              ; 2      ; 1               ; 1             ; 1               ; 0     ; 0              ; 0            ; 0                ; 0                 ;
; FU|DFF23  ; 3     ; 0              ; 0            ; 0              ; 2      ; 0               ; 0             ; 0               ; 0     ; 0              ; 0            ; 0                ; 0                 ;
; FU|DFF22  ; 3     ; 1              ; 0            ; 1              ; 2      ; 1               ; 1             ; 1               ; 0     ; 0              ; 0            ; 0                ; 0                 ;
; FU|DFF21  ; 3     ; 1              ; 0            ; 1              ; 2      ; 1               ; 1             ; 1               ; 0     ; 0              ; 0            ; 0                ; 0                 ;
; FU|DFF20  ; 3     ; 1              ; 0            ; 1              ; 2      ; 1               ; 1             ; 1               ; 0     ; 0              ; 0            ; 0                ; 0                 ;
; FU|DFF19  ; 3     ; 1              ; 0            ; 1              ; 2      ; 1               ; 1             ; 1               ; 0     ; 0              ; 0            ; 0                ; 0                 ;
; FU|DFF18  ; 3     ; 1              ; 0            ; 1              ; 2      ; 1               ; 1             ; 1               ; 0     ; 0              ; 0            ; 0                ; 0                 ;
; FU|DFF17  ; 3     ; 0              ; 0            ; 0              ; 2      ; 0               ; 0             ; 0               ; 0     ; 0              ; 0            ; 0                ; 0                 ;
; FU|DFF16  ; 3     ; 1              ; 0            ; 1              ; 2      ; 1               ; 1             ; 1               ; 0     ; 0              ; 0            ; 0                ; 0                 ;
; FU|DFF15  ; 3     ; 1              ; 0            ; 1              ; 2      ; 1               ; 1             ; 1               ; 0     ; 0              ; 0            ; 0                ; 0                 ;
; FU|DFF14  ; 3     ; 1              ; 0            ; 1              ; 2      ; 1               ; 1             ; 1               ; 0     ; 0              ; 0            ; 0                ; 0                 ;
; FU|DFF13  ; 3     ; 1              ; 0            ; 1              ; 2      ; 1               ; 1             ; 1               ; 0     ; 0              ; 0            ; 0                ; 0                 ;
; FU|DFF12  ; 3     ; 1              ; 0            ; 1              ; 2      ; 1               ; 1             ; 1               ; 0     ; 0              ; 0            ; 0                ; 0                 ;
; FU|DFF11  ; 3     ; 1              ; 0            ; 1              ; 2      ; 1               ; 1             ; 1               ; 0     ; 0              ; 0            ; 0                ; 0                 ;
; FU|DFF10  ; 3     ; 1              ; 0            ; 1              ; 2      ; 1               ; 1             ; 1               ; 0     ; 0              ; 0            ; 0                ; 0                 ;
; FU|DFF9   ; 3     ; 1              ; 0            ; 1              ; 2      ; 1               ; 1             ; 1               ; 0     ; 0              ; 0            ; 0                ; 0                 ;
; FU|DFF8   ; 3     ; 1              ; 0            ; 1              ; 2      ; 1               ; 1             ; 1               ; 0     ; 0              ; 0            ; 0                ; 0                 ;
; FU|DFF7   ; 3     ; 1              ; 0            ; 1              ; 2      ; 1               ; 1             ; 1               ; 0     ; 0              ; 0            ; 0                ; 0                 ;
; FU|DFF6   ; 3     ; 1              ; 0            ; 1              ; 2      ; 1               ; 1             ; 1               ; 0     ; 0              ; 0            ; 0                ; 0                 ;
; FU|DFF5   ; 3     ; 1              ; 0            ; 1              ; 2      ; 1               ; 1             ; 1               ; 0     ; 0              ; 0            ; 0                ; 0                 ;
; FU|DFF4   ; 3     ; 1              ; 0            ; 1              ; 2      ; 1               ; 1             ; 1               ; 0     ; 0              ; 0            ; 0                ; 0                 ;
; FU|DFF3   ; 3     ; 1              ; 0            ; 1              ; 2      ; 1               ; 1             ; 1               ; 0     ; 0              ; 0            ; 0                ; 0                 ;
; FU|DFF2   ; 3     ; 1              ; 0            ; 1              ; 2      ; 1               ; 1             ; 1               ; 0     ; 0              ; 0            ; 0                ; 0                 ;
; FU|DFF1   ; 3     ; 1              ; 0            ; 1              ; 2      ; 1               ; 1             ; 1               ; 0     ; 0              ; 0            ; 0                ; 0                 ;
; FU|DFF0   ; 3     ; 0              ; 0            ; 0              ; 2      ; 0               ; 0             ; 0               ; 0     ; 0              ; 0            ; 0                ; 0                 ;
; FU        ; 4     ; 0              ; 0            ; 0              ; 1      ; 0               ; 0             ; 0               ; 0     ; 0              ; 0            ; 0                ; 0                 ;
; C5        ; 4     ; 0              ; 0            ; 0              ; 7      ; 0               ; 0             ; 0               ; 0     ; 0              ; 0            ; 0                ; 0                 ;
; C4        ; 4     ; 0              ; 0            ; 0              ; 7      ; 0               ; 0             ; 0               ; 0     ; 0              ; 0            ; 0                ; 0                 ;
; C3        ; 4     ; 0              ; 0            ; 0              ; 7      ; 0               ; 0             ; 0               ; 0     ; 0              ; 0            ; 0                ; 0                 ;
; C2        ; 4     ; 0              ; 0            ; 0              ; 7      ; 0               ; 0             ; 0               ; 0     ; 0              ; 0            ; 0                ; 0                 ;
; C1        ; 4     ; 0              ; 0            ; 0              ; 7      ; 0               ; 0             ; 0               ; 0     ; 0              ; 0            ; 0                ; 0                 ;
; C0        ; 4     ; 0              ; 0            ; 0              ; 7      ; 0               ; 0             ; 0               ; 0     ; 0              ; 0            ; 0                ; 0                 ;
+-----------+-------+----------------+--------------+----------------+--------+-----------------+---------------+-----------------+-------+----------------+--------------+------------------+-------------------+
